-- Création des tables

CREATE TABLE champion (
    id SERIAL PRIMARY KEY,
    name VARCHAR(50) NOT NULL
);

CREATE TABLE period (
    id SERIAL PRIMARY KEY,
    name VARCHAR(50) NOT NULL
);

CREATE TABLE stats (
    id SERIAL PRIMARY KEY,
    champion_id INT NOT NULL,
    period_id INT NOT NULL,
    pickrate FLOAT NOT NULL,
    winrate FLOAT NOT NULL,
    banrate FLOAT NOT NULL,
    FOREIGN KEY (champion_id) REFERENCES champion(id),
    FOREIGN KEY (period_id) REFERENCES period(id)
);

-- Insertion des 50 champions

INSERT INTO champion (name) VALUES
('Aatrox'),
('Ahri'),
('Akali'),
('Alistar'),
('Amumu'),
('Anivia'),
('Annie'),
('Ashe'),
('Aurelion Sol'),
('Azir'),
('Bard'),
('Blitzcrank'),
('Brand'),
('Braum'),
('Caitlyn'),
('Camille'),
('Cassiopeia'),
('Cho''Gath'),
('Corki'),
('Darius'),
('Diana'),
('Dr. Mundo'),
('Draven'),
('Ekko'),
('Elise'),
('Evelynn'),
('Ezreal'),
('Fiddlesticks'),
('Fiora'),
('Fizz'),
('Galio'),
('Gangplank'),
('Garen'),
('Gnar'),
('Gragas'),
('Graves'),
('Hecarim'),
('Heimerdinger'),
('Illaoi'),
('Irelia'),
('Ivern'),
('Janna'),
('Jarvan IV'),
('Jax'),
('Jayce'),
('Jhin'),
('Jinx'),
('Kai''Sa'),
('Kalista'),
('Karma');

-- Insertion des 2 périodes

INSERT INTO period (name) VALUES
('2023-2024'),
('2024-2025');

-- Insertion des stats pour période 1 (2023-2024)

INSERT INTO stats (champion_id, period_id, pickrate, winrate, banrate) VALUES
(1, 1, 15.0, 52.0, 8.0),
(2, 1, 14.5, 51.5, 9.0),
(3, 1, 10.0, 53.0, 3.5),
(4, 1, 9.0, 50.0, 4.0),
(5, 1, 8.0, 54.0, 2.0),
(6, 1, 11.0, 50.5, 1.3),
(7, 1, 12.5, 50.0, 8.5),
(8, 1, 5.3, 52.5, 5.5),
(9, 1, 7.0, 49.2, 9.5),
(10, 1, 4.7, 52.0, 2.0),
(11, 1, 11.5, 48.0, 6.5),
(12, 1, 8.0, 49.5, 3.0),
(13, 1, 9.8, 50.5, 3.8),
(14, 1, 14.5, 49.0, 9.5),
(15, 1, 8.3, 51.7, 5.8),
(16, 1, 7.8, 52.3, 7.0),
(17, 1, 5.7, 50.2, 4.5),
(18, 1, 6.1, 51.1, 3.2),
(19, 1, 9.0, 50.9, 6.0),
(20, 1, 8.4, 52.0, 4.3),
(21, 1, 7.9, 51.7, 3.7),
(22, 1, 7.2, 51.3, 3.6),
(23, 1, 5.5, 53.1, 4.7),
(24, 1, 6.8, 49.8, 5.0),
(25, 1, 8.4, 52.3, 3.9),
(26, 1, 7.9, 50.2, 2.7),
(27, 1, 9.1, 51.0, 5.4),
(28, 1, 6.0, 48.7, 3.3),
(29, 1, 5.8, 50.5, 2.0),
(30, 1, 7.4, 49.9, 6.8),
(31, 1, 8.9, 51.4, 4.6),
(32, 1, 6.6, 49.0, 5.5),
(33, 1, 7.5, 50.2, 3.9),
(34, 1, 6.2, 51.1, 2.9),
(35, 1, 8.1, 50.5, 5.2),
(36, 1, 5.3, 52.0, 1.7),
(37, 1, 4.8, 50.6, 2.3),
(38, 1, 6.9, 51.8, 4.1),
(39, 1, 7.7, 52.9, 3.5),
(40, 1, 5.0, 50.3, 1.9),
(41, 1, 9.3, 51.2, 6.1),
(42, 1, 6.4, 49.9, 4.0),
(43, 1, 8.0, 52.5, 3.2),
(44, 1, 7.1, 50.8, 3.6),
(45, 1, 5.6, 49.7, 2.9),
(46, 1, 6.7, 51.4, 4.3),
(47, 1, 9.5, 52.0, 5.0),
(48, 1, 8.2, 49.5, 3.8),
(49, 1, 7.3, 50.1, 4.5),
(50, 1, 5.8, 51.3, 3.0);

-- Insertion des stats pour période 2 (2024-2025)

INSERT INTO stats (champion_id, period_id, pickrate, winrate, banrate) VALUES
(1, 2, 16.0, 53.2, 9.0),
(2, 2, 14.0, 50.3, 10.0),
(3, 2, 9.2, 51.0, 3.5),
(4, 2, 8.7, 51.5, 4.0),
(5, 2, 7.3, 53.4, 1.8),
(6, 2, 11.0, 50.5, 1.3),
(7, 2, 12.5, 50.0, 8.5),
(8, 2, 5.3, 52.5, 5.5),
(9, 2, 7.0, 49.2, 9.5),
(10, 2, 4.7, 52.0, 2.0),
(11, 2, 11.5, 48.0, 6.5),
(12, 2, 8.0, 49.5, 3.0),
(13, 2, 9.8, 50.5, 3.8),
(14, 2, 14.5, 49.0, 9.5),
(15, 2, 8.3, 51.7, 5.8),
(16, 2, 7.8, 52.3, 7.0),
(17, 2, 5.7, 50.2, 4.5),
(18, 2, 6.1, 51.1, 3.2),
(19, 2, 9.0, 50.9, 6.0),
(20, 2, 8.4, 52.0, 4.3),
(21, 2, 7.9, 51.7, 3.7),
(22, 2, 7.2, 51.3, 3.6),
(23, 2, 5.5, 53.1, 4.7),
(24, 2, 6.8, 49.8, 5.0),
(25, 2, 8.4, 52.3, 3.9),
(26, 2, 7.9, 50.2, 2.7),
(27, 2, 9.1, 51.0, 5.4),
(28, 2, 6.0, 48.7, 3.3),
(29, 2, 5.8, 50.5, 2.0),
(30, 2, 7.4, 49.9, 6.8),
(31, 2, 8.9, 51.4, 4.6),
(32, 2, 6.6, 49.0, 5.5),
(33, 2, 7.5, 50.2, 3.9),
(34, 2, 6.2, 51.1, 2.9),
(35, 2, 8.1, 50.5, 5.2),
(36, 2, 5.3, 52.0, 1.7),
(37, 2, 4.8, 50.6, 2.3),
(38, 2, 6.9, 51.8, 4.1),
(39, 2, 7.7, 52.9, 3.5),
(40, 2, 5.0, 50.3, 1.9),
(41, 2, 9.3, 51.2, 6.1),
(42, 2, 6.4, 49.9, 4.0),
(43, 2, 8.0, 52.5, 3.2),
(44, 2, 7.1, 50.8, 3.6),
(45, 2, 5.6, 49.7, 2.9),
(46, 2, 6.7, 51.4, 4.3),
(47, 2, 9.5, 52.0, 5.0),
(48, 2, 8.2, 49.5, 3.8),
(49, 2, 7.3, 50.1, 4.5),
(50, 2, 5.8, 51.3, 3.0);
